     1: chicken     100.00   54.01   53.68   57.18   54.04   57.47   59.35   58.86
     2: carp         54.01  100.00   56.08   57.37   55.81   58.77   61.74   61.11
     3: human        53.68   56.08  100.00   65.86   64.75   66.22   67.58   67.79
     4: whale        57.18   57.37   65.86  100.00   67.88   74.63   71.83   68.97
     5: seal         54.04   55.81   64.75   67.88  100.00   70.97   72.19   72.15
     6: cow          57.47   58.77   66.22   74.63   70.97  100.00   72.97   71.33
     7: mouse        59.35   61.74   67.58   71.83   72.19   72.97  100.00   82.37
     8: rat          58.86   61.11   67.79   68.97   72.15   71.33   82.37  100.00