     1: carp        100.00   51.16   52.78   54.47   53.97   53.70   54.34   55.60
     2: chicken      51.16  100.00   51.38   50.84   50.35   50.63   49.81   50.71
     3: human        52.78   51.38  100.00   63.10   61.76   60.78   61.18   63.46
     4: whale        54.47   50.84   63.10  100.00   65.81   62.24   63.34   71.70
     5: mouse        53.97   50.35   61.76   65.81  100.00   60.99   78.54   68.61
     6: seal         53.70   50.63   60.78   62.24   60.99  100.00   61.56   65.23
     7: rat          54.34   49.81   61.18   63.34   78.54   61.56  100.00   67.99
     8: cow          55.60   50.71   63.46   71.70   68.61   65.23   67.99  100.00